0.459301
0.454444
0.449694
0.445047
0.4405
0.436051
0.431697
0.427436
0.423265
0.419181
0.415183
0.411269
0.407435
0.403681
0.400004
0.396402
0.392874
0.389418
0.386032
0.382714
0.379464
0.376278
0.373157
0.370097
0.367099
0.364161
0.36128
0.358457
0.355689
0.352976
0.350316
0.347708
0.345152
0.342645
0.340187
0.337777
0.335414
0.333097
0.330824
0.328595
0.32641
0.324266
0.322164
0.320101
0.318079
0.316095
0.314149
0.31224
0.310368
0.308531
0.306729
0.304961
0.303227
0.301525
0.299856
0.298218
0.296611
0.295034
0.293487
0.291968
0.290478
0.289017
0.287582
0.286174
0.284792
0.283436
0.282105
0.280799
0.279517
0.278259
0.277024
0.275811
0.274621
0.273453
0.272306
0.271181
0.270076
0.268991
0.267926
0.26688
0.265853
0.264845
0.263856
0.262884
0.26193
0.260992
0.260072
0.259169
0.258281
0.25741
0.256554
0.255714
0.254888
0.254077
0.253281
0.252499
0.25173
0.250975
0.250234
0.249506
0.24879
0.248087
0.247396
0.246718
0.246051
0.245396
0.244752
0.24412
0.243498
0.242887
0.242287
0.241697
0.241117
0.240547
0.239987
0.239437
0.238895
0.238363
0.23784
0.237326
0.236821
0.236324
0.235836
0.235355
0.234883
0.234418
0.233962
0.233513
0.233071
0.232637
0.23221
0.231789
0.231376
0.23097
0.23057
0.230176
0.229789
0.229409
0.229034
0.228665
0.228303
0.227946
0.227595
0.227249
0.226909
0.226575
0.226245
0.225921
0.225602
0.225288
0.224978
0.224674
0.224374
0.224079
0.223788
0.223502
0.22322
0.222943
0.222669
0.2224
0.222135
0.221874
0.221617
0.221363
0.221114
0.220868
0.220625
0.220386
0.220151
0.219919
0.219691
0.219465
0.219243
0.219025
0.218809
0.218596
0.218387
0.21818
0.217976
0.217775
0.217577
0.217382
0.217189
0.216999
0.216811
0.216627
0.216444
0.216264
0.216087
0.215911
0.215739
0.215568
0.2154
0.215234
0.21507
0.214908
0.214748
0.21459
0.214434
0.214281
0.214129
0.213979
0.213831
0.213685
0.21354
0.213398
0.213257
0.213118
0.21298
0.212845
0.21271
0.212578
0.212447
0.212317
0.212189
0.212063
0.211938
0.211814
0.211692
0.211571
0.211452
0.211333
0.211217
0.211101
0.210987
0.210874
0.210762
0.210651
0.210542
0.210434
0.210327
0.210221
0.210116
0.210012
0.209909
0.209807
0.209707
0.209607
0.209508
0.209411
0.209314
0.209218
0.209123
0.20903
0.208937
0.208844
0.208753
0.208663
0.208573
0.208484
0.208396
0.208309
0.208223
0.208137
0.208053
0.207969
0.207885
0.207803
0.207721
0.20764
0.207559
0.207479
0.2074
0.207322
0.207244
0.207167
0.20709
0.207014
0.206939
0.206864
0.20679
0.206716
0.206643
0.206571
0.206499
0.206427
0.206357
0.206286
0.206217
0.206147
0.206078
0.20601
0.205942
0.205875
0.205808
0.205742
0.205676
0.205611
0.205546
0.205481
0.205417
0.205353
0.20529
0.205227
0.205164
0.205102
0.205041
0.204979
0.204918
0.204858
0.204798
0.204738
0.204679
0.204619
0.204561
0.204502
0.204444
0.204387
0.204329
0.204272
0.204215
0.204159
0.204103
0.204047
0.203992
0.203937
0.203882
0.203827
0.203773
0.203719
0.203665
0.203612
0.203559
0.203506
0.203453
0.203401
0.203349
0.203297
0.203245
0.203194
0.203143
0.203092
0.203041
0.202991
0.202941
0.202891
0.202841
0.202792
0.202743
0.202694
0.202645
0.202596
0.202548
0.2025
0.202452
0.202404
0.202357
0.202309
0.202262
0.202215
0.202169
0.202122
0.202076
0.202029
0.201984
0.201938
0.201892
0.201847
0.201801
0.201756
0.201711
0.201667
0.201622
0.201578
0.201533
0.201489
0.201446
0.201402
0.201358
0.201315
0.201271
0.201228
0.201185
0.201143
0.2011
0.201057
0.201015
0.200973
0.200931
0.200889
0.200847
0.200805
0.200764
0.200722
0.200681
0.20064
0.200599
0.200558
0.200517
0.200477
0.200436
0.200396
0.200356
0.200316
0.200276
0.200236
0.200196
0.200157
0.200117
0.200078
0.200039
0.2
0.199961
0.199922
0.199883
0.199844
0.199806
0.199767
0.199729
0.199691
0.199653
0.199615
0.199577
0.199539
0.199501
0.199464
0.199426
0.199389
0.199351
0.199314
0.199277
0.19924
0.199203
0.199167
0.19913
0.199093
0.199057
0.19902
0.198984
0.198948
0.198912
0.198876
0.19884
0.198804
0.198768
0.198733
0.198697
0.198662
0.198626
0.198591
0.198556
0.198521
0.198486
0.198451
0.198416
0.198381
0.198346
0.198312
0.198277
0.198243
0.198208
0.198174
0.19814
0.198106
0.198072
0.198038
0.198004
0.19797
0.197936
0.197903
0.197869
0.197836
0.197802
0.197769
0.197736
0.197703
0.197669
0.197636
0.197603
0.197571
0.197538
0.197505
0.197472
0.19744
0.197407
0.197375
0.197343
0.19731
0.197278
0.197246
0.197214
0.197182
0.19715
0.197118
0.197086
0.197054
0.197023
0.196991
0.19696
0.196928
0.196897
0.196865
0.196834
0.196803
0.196772
0.196741
0.19671
0.196679
0.196648
0.196617
0.196586
0.196556
0.196525
0.196495
0.196464
0.196434
0.196403
0.196373
0.196343
0.196313
0.196282
0.196252
0.196222
0.196193
0.196163
0.196133
0.196103
0.196073
0.196044
0.196014
0.195985
0.195955
0.195926
0.195897
0.195867
0.195838
0.195809
0.19578
0.195751
0.195722
0.195693
0.195664
0.195635
0.195606
0.195578
0.195549
0.195521
0.195492
0.195464
0.195435
0.195407
0.195379
0.19535
0.195322
0.195294
0.195266
0.195238
0.19521
0.195182
0.195154
0.195126
0.195099
0.195071
0.195043
0.195016
0.194988
0.194961
0.194933
0.194906
0.194878
0.194851
0.194824
0.194797
0.19477
0.194743
0.194716
0.194689
0.194662
0.194635
0.194608
0.194581
0.194555
0.194528
0.194501
0.194475
0.194448
0.194422
0.194395
0.194369
0.194343
0.194316
0.19429
0.194264
0.194238
0.194212
0.194186
0.19416
0.194134
0.194108
0.194082
0.194056
0.194031
0.194005
0.193979
0.193954
0.193928
0.193903
0.193877
0.193852
0.193827
0.193801
0.193776
0.193751
0.193726
0.193701
0.193676
0.193651
0.193626
0.193601
0.193576
0.193551
0.193526
0.193501
0.193477
0.193452
0.193427
0.193403
0.193378
0.193354
0.193329
0.193305
0.193281
0.193256
0.193232
0.193208
0.193184
0.19316
0.193136
0.193112
0.193088
0.193064
0.19304
0.193016
0.192992
0.192968
0.192945
0.192921
0.192897
0.192874
0.19285
0.192827
0.192803
0.19278
0.192756
0.192733
0.19271
0.192686
0.192663
0.19264
0.192617
0.192594
0.192571
0.192548
0.192525
0.192502
0.192479
0.192456
0.192433
0.19241
0.192388
0.192365
0.192342
0.19232
0.192297
0.192275
0.192252
0.19223
0.192207
0.192185
0.192163
0.19214
0.192118
0.192096
0.192074
0.192052
0.19203
0.192008
0.191986
0.191964
0.191942
0.19192
0.191898
0.191876
0.191854
0.191833
0.191811
0.191789
0.191768
0.191746
0.191725
0.191703
0.191682
0.19166
0.191639
0.191618
0.191596
0.191575
0.191554
0.191533
0.191511
0.19149
0.191469
0.191448
0.191427
0.191406
0.191385
0.191364
0.191343
0.191323
0.191302
0.191281
0.19126
0.19124
0.191219
0.191198
0.191178
0.191157
0.191137
0.191116
0.191096
0.191076
0.191055
0.191035
0.191015
0.190994
0.190974
0.190954
0.190934
0.190914
0.190894
0.190874
0.190854
0.190834
0.190814
0.190794
0.190774
0.190754
0.190734
0.190715
0.190695
0.190675
0.190656
0.190636
0.190616
0.190597
0.190577
0.190558
0.190538
0.190519
0.1905
0.19048
0.190461
0.190442
0.190423
0.190403
0.190384
0.190365
0.190346
0.190327
0.190308
0.190289
0.19027
0.190251
0.190232
0.190213
0.190194
0.190175
0.190157
0.190138
0.190119
0.190101
0.190082
0.190063
0.190045
0.190026
0.190008
0.189989
0.189971
0.189952
0.189934
0.189916
0.189897
0.189879
0.189861
0.189842
0.189824
0.189806
0.189788
0.18977
0.189752
0.189734
0.189716
0.189698
0.18968
0.189662
0.189644
0.189626
0.189608
0.189591
0.189573
0.189555
0.189537
0.18952
0.189502
0.189485
0.189467
0.189449
0.189432
0.189414
0.189397
0.18938
0.189362
0.189345
0.189327
0.18931
0.189293
0.189276
0.189258
0.189241
0.189224
0.189207
0.18919
0.189173
0.189156
0.189139
0.189122
0.189105
0.189088
0.189071
0.189054
0.189037
0.189021
0.189004
0.188987
0.18897
0.188954
0.188937
0.18892
0.188904
0.188887
0.188871
0.188854
0.188838
0.188821
0.188805
0.188788
0.188772
0.188756
0.188739
0.188723
0.188707
0.188691
0.188674
0.188658
0.188642
0.188626
0.18861
0.188594
0.188578
0.188562
0.188546
0.18853
0.188514
0.188498
0.188482
0.188466
0.18845
0.188435
0.188419
0.188403
0.188387
0.188372
0.188356
0.18834
0.188325
0.188309
0.188294
0.188278
0.188263
0.188247
0.188232
0.188216
0.188201
0.188186
0.18817
0.188155
0.18814
0.188124
0.188109
0.188094
0.188079
0.188064
0.188048
0.188033
0.188018
0.188003
0.187988
0.187973
0.187958
0.187943
0.187928
0.187914
0.187899
0.187884
0.187869
0.187854
0.187839
0.187825
0.18781
0.187795
0.187781
0.187766
0.187751
0.187737
0.187722
0.187708
0.187693
0.187679
0.187664
0.18765
0.187635
0.187621
0.187606
0.187592
0.187578
0.187564
0.187549
0.187535
0.187521
0.187507
0.187492
0.187478
0.187464
0.18745
0.187436
0.187422
0.187408
0.187394
0.18738
0.187366
0.187352
0.187338
0.187324
0.18731
0.187296
0.187283
0.187269
0.187255
0.187241
0.187228
0.187214
0.1872
0.187187
0.187173
0.187159
0.187146
0.187132
0.187119
0.187105
0.187092
0.187078
0.187065
0.187051
0.187038
0.187024
0.187011
0.186998
0.186984
0.186971
0.186958
0.186945
0.186931
0.186918
0.186905
0.186892
0.186879
0.186866
0.186853
0.18684
0.186826
0.186813
0.1868
0.186788
0.186775
0.186762
0.186749
0.186736
0.186723
0.18671
0.186697
0.186684
0.186672
0.186659
0.186646
0.186633
0.186621
0.186608
0.186595
0.186583
0.18657
0.186558
